1165586525
1165557390
1165547381
1165529559
1165542338
1165502903
1165496485
1165449625
1165496785
1165448590
1165476650
1165458052
1165444006
1165406915
1165414101
1165433246
1165383482
1165346446
1165371951
1165348591
1165324516
1165340552
1165331575
1165308140
1165264850
1165264668
1165220857
1165212089
1165173001
1165153214
1165167016
1165143670
1165128402
1165145214
1165112679
1165142129
1165093024
1165057657
1165026336
1165030851
1165012143
1164991615
1164938263
1165008288
1164965200
1164941116
1164931103
1164898353
1164911275
1164920775
1164901184
1164826380
1164852819
1164753313
1164762383
1164772363
1164734196
1164776983
1164715288
1164662824
1164618736
1164576711
1164495351
1164534942
1164552955
1164521830
1164536797
1164510542
1164454477
1164461433
1164450257
1164462550
1164436817
1164377554
1164417466
1164416650
1164368868
1164364906
1164285711
1164303563
1164278353
1164281138
1164238198
1164226760
1164230725
1164173977
1164185420
1164197470
1164190629
1164181186
1164176318
1164140274
1164112171
1164102234
1164077890
1164080377
1164056772
1164044573
1164020092
1164025010
1163987514
1163992515
1163980304
1163978384
1163980843
1163936726
1163938008
1163878960
1163879293
1163872638
1163884405
1163883229
1163854649
1163880752
1163870881
1163821013
1163828275
1163817303
1163818023
1163820440
1163808670
1163816689
1163812565
1163781474
1163763718
1163738097
1163772230
1163778333
1163768926
1163745569
1163755199
1163734358
1163730996
1163715827
1163707119
1163679701
1163681922
1163651629
1163648545
1163645637
1163636609
1163628698
1163645099
1163636811
1163637427
1163594015
1163592538
1163584104
1163562662
1163538516
1163533447
1163517135
1163534488
1163482736
1163471146
1163443036
1163448318
1163426895
1163414601
1163421461
1163402425
1163366985
1163352981
1163346373
1163367081
1163332999
1163285681
1163260204
1163266070
1163255544
1163252958
1163254654
1163209856
1163186234
1163216466
1163149569
1163151768
1163084884
1163140345
1163081780
1163041437
1163061325
1163037741
1163040362
1163024648
1163047382
1162996089
1163035278
1162978187
1162953218
1162950593
1162936348
1162913180
1162914012
1162868401
1162916140
1162909114
1162924485
1162860754
1162851794
1162839610
1162812549
1162769078
1162809139
1162724663
1162739359
1162684382
1162713031
1162718081
1162698702
1162710265
1162706173
1162681644
1162671758
1162661657
1162554478
1162529677
1162543372
1162574576
1162583027
1162525749
1162509010
1162495557
1162481238
1162455310
1162448026
1162433368
1162409090
1162440234
1162411359
1162417551
1162398535
1162366683
1162365016
1162363663
1162314687
1162330890
1162284500
1162284668
1162238134
1162231292
1162186887
1162171964
1162172745
1162149051
1162163872
1162108428
1162097926
1162089277
1162047979
1161995806
1162023973
1162008175
1162008327
1161998584
1161960660
1161947654
1161960042
1161930153
1161932495
1161918561
1161908841
1161882670
1161875450
1161844911
1161822982
1161801235
1161788311
1161749962
1161768304
1161751636
1161756035
1161736205
1161753436
1161742981
1161715507
1161708030
1161696338
1161687823
1161691088
1161686008
1161645657
1161678223
1161669171
1161669924
1161643816
1161672557
1161643900
1161657195
1161638207
1161631484
1161607079
1161602594
1161621216
1161610888
1161603799
1161599279
1161588664
1161597216
1161586337
1161584991
1161586039
1161570978
1161582861
1161579691
1161567282
1161563946
1161568286
1161543986
1161528795
1161510023
1161511277
1161451637
1161438365
1161440131
1161439805
1161402132
1161395314
1161367767
1161365691
1161346203
1161359799
1161351527
1161358977
1161335145
1161288782
1161285457
1161270049
1161291107
1161235989
1161246113
1161283512
1161246535
1161228910
1161197894
1161203970
1161224100
1161206746
1161209128
1161195372
1161191525
1161155670
1161145550
1161092202
1161112951
1161078166
1161098674
1161100107
1161098556
1161096977
1161052125
1161066024
1161064403
1161045508
1161021034
1160987821
1160997042
1160998164
1160995506
1160981408
1160948530
1160939736
1160922657
1160976619
1160910835
1160962543
1160937457
1160912275
1160922416
1160893406
1160921433
1160875085
1160884124
1160856010
1160829951
1160852726
1160842619
1160812219
1160804956
1160784314
1160753159
1160771114
1160782077
1160780964
1160750576
1160745680
1160759710
1160695632
1160760464
1160663436
1160738613
1160708954
1160722499
1160685068
1160666255
1160638305
1160646345
1160624626
1160617092
1160613820
1160590991
1160536212
1160523814
1160500827
1160438346
1160464335
1160460803
1160403443
1160343169
1160354490
1160362768
1160334802
1160302139
1160326268
1160285007
1160243681
1160244829
1160242615
1160194816
1160192382
1160164068
1160150641
1160134963
1160123667
1160143761
1160128547
1160121973
1160118294
1160089591
1160089249
1160059431
1160046928
1160048845
1160026749
1160036173
1160020041
1159975332
1159949631
1159953174
1159943365
1159932463
1159942114
1159886762
1159900255
1159872104
1159882723
1159891245
1159888620
1159841923
1159843252
1159817769
1159773201
1159790695
1159763967
1159769501
1159750691
1159765113
1159730616
1159731247
1159732620
1159722489
1159714604
1159710068
1159699641
1159712021
1159660641
1159662671
1159672376
1159642409
1159639437
1159633250
1159621385
1159625765
1159601507
1159603379
1159600447
1159584554
1159578874
1159575574
1159573592
1159542337
1159551375
1159542674
1159547100
1159561524
1159556514
1159540278
1159548215
1159521814
1159515830
1159510903
1159510314
1159510416
1159500393
1159489957
1159502733
1159496854
1159507328
1159466081
1159455426
1159454819
1159438665
1159452598
1159435086
1159399444
1159398313
1159394672
1159351776
1159330580
1159308529
1159302985
1159257920
1159246599
1159230656
1159240828
1159231237
1159236011
1159177984
1159164105
1159170226
1159158318
1159097799
1159153518
1159147688
1159162613
1159135014
1159092098
1159113836
1159082927
1159062961
1158978035
1159068726
1159042890
1159051112
1159020052
1159011726
1158973403
1158983502
1158944654
1158960569
1158942029
1158941959
1158921879
1158935806
1158881495
1158897496
1158843063
1158845118
1158821942
1158782227
1158760612
1158719787
1158721155
1158747934
1158707798
1158697625
1158695286
1158672800
1158677171
1158682675
1158625991
1158551111
1158566369
1158573466
1158552823
1158566081
1158550355
1158513341
1158489924
1158429387
1158431693
1158382646
1158319671
1158336323
1158334529
1158352274
1158366374
1158250260
1158298177
1158251881
1158244095
1158237736
1158228957
1158234414
1158214741
1158195682
1158133149
1158134101
1158125408
1158084450
1158119440
1158066969
1158061495
1158023010
1158003207
1158015800
1158010501
1158004662
1157977733
1157969335
1157926539
1157895309
1157906645
1157908864
1157864914
1157839898
1157863549
1157825336
1157826018
1157827807
1157844041
1157797886
1157802431
1157794371
1157803992
1157772716
1157793257
1157756266
1157749351
1157770691
1157732555
1157733366
1157720862
1157725223
1157711387
1157706479
1157679182
1157693333
1157670106
1157663638
1157658387
1157660754
1157643336
1157594184
1157600247
1157616531
1157617801
1157580213
1157589659
1157586523
1157579272
1157574524
1157573803
1157540059
1157558084
1157541836
1157544866
1157540536
1157539936
1157539401
1157525759
1157543759
1157530068
1157530914
1157530915
1157513869
1157507539
1157501666
1157500619
1157505694
1157494554
1157492982
1157479062
1157488954
1157466135
1157479560
1157482468
1157471719
1157485876
1157474835
1157476946
1157448153
1157443853
1157426990
1157434680
1157440434
1157436154
1157424831
1157425916
1157422680
1157415792
1157408764
1157402064
1157420442
1157413315
1157401541
1157397808
1157391463
1157385597
1157391138
1157357756
1157388613
1157392318
1157365199
1157377369
1157378987
1157360932
1157349536
1157336272
1157347293
1157330987
1157335896
1157329731
1157330749
1157334986
1157289283
1157300506
1157285157
1157283250
1157301019
1157247676
1157257074
1157251817
1157248024
1157217128
1157246347
1157253732
1157229623
1157196300
1157227705
1157195158
1157193511
1157184884
1157189035
1157159628
1157195726
1157179420
1157190522
1157170276
1157122362
1157135694
1157113388
1157093669
1157145877
1157104558
1157135488
1157135068
1157124731
1157096477
1157095340
1157083125
1157081909
1157058513
1157080442
1157081438
1157054376
1157063200
1156996454
1156992931
1157029887
1156981972
1156991186
1157010066
1156981824
1156988189
1156962860
1156972134
1156949304
1156935412
1156933588
1156930909
1156932903
1156775257
1156812911
1156818997
1156765926
1156787916
1156784883
1156784613
1156731461
1156723901
1156744658
1156727331
1156708480
1156735690
1156668913
1156716334
1156692583
1156651355
1156664351
1156605547
1156605541
1156635704
1156630901
1156624424
1156616488
1156615146
1156585417
1156574966
1156493637
1156499486
1156541199
1156515440
1156464457
1156480874
1156484074
1156457077
1156427373
1156472982
1156495003
1156427373
1156392064
1156387280
1156357929
1156323088
1156349744
1156324862
1156285229
1156321024
1156294831
1156266013
1156282424
1156271864
1156249928
1156254245
1156220119
1156229013
1156183140
1156172415
1156123328
1156113402
1156062991
1156098260
1156022630
1156045488
1156021344
1156014393
1156016228
1155994661
1155948240
1155897512
1155888932
1155864449
1155880235
1155839538
1155814121
1155873957
1155831798
1155771929
1155769764
1155711614
1155754010
1155748930
1155701081
1155722419
1155608906
1155673358
1155640174
1155605823
1155611675
1155586987
1155592738
1155584446
1155581374
1155543461
1155491858
1155519471
1155495190
1155523069
1155495575
1155457164
1155448169
1155474658
1155465499
1155451606
1155438705
1155415859
1155421118
1155397958
1155365556
1155380647
1155389565
1155373224
1155379041
1155372025
1155341501
1155375179
1155367374
1155370700
1155371580
1155338027
1155310598
1155274014
1155256887
1155290180
1155271559
1155257458
1155225542
1155221329
1155228059
1155211304
1155218284
1155221865
1155219169
1155222795
1155187590
1155200698
1155165674
1155173855
1155171411
1155164822
1155140751
1155164459
1155131354
1155144782
1155163840
1155146780
1155133074
1155121452
1155114170
1155093531
1155072299
1155037686
1155084766
1155068352
1155051606
1155050598
1155041727
1155045047
1155014425
1154997890
1154994733
1154996194
1154917451
1154949089
1154999644
1154932030
1154901655
1154958200
1154928009
1154944533
1154888940
1154936424
1154894918
1154865507
1154911617
1154885563
1154836437
1154881578
1154832651
1154812660
1154826753
1154815162
1154804820
1154772448
1154816485
1154773065
1154776151
1154743163
1154759654
1154747394
1154741874
1154765720
1154681390
1154729640
1154683388
1154672368
1154655979
1154651098
1154662015
1154642701
1154613929
1154592707
1154577140
1154605869
1154540720
1154503019
1154559046
1154480250
1154458982
1154474588
1154469238
1154447468
1154400029
1154426997
1154351324
1154389063
1154366738
1154396305
1154353338
1154331873
1154264837
1154330613
1154319512
1154283808
1154303063
1154277028
1154262422
1154247763
1154230422
1154257157
1154243302
1154251449
1154110987
1154144397
1154145377
1154125699
1154136671
1154111189
1154114436